10 1631 3591 10272 14851 4662 13172 12684 5324 3595 3404
10 12896 3391 942 8669 15800 16745 1844 1843 2819 16495
10 8800 791 2126 6331 4792 5129 5266 800 7872 3009
10 4973 756 706 721 892 2588 895 5056 2991 776
10 5758 5439 11904 13250 7798 4035 4034 761 9046 2678
10 7302 9481 670 1964 8024 809 691 8034 5531 6344
10 3292 13406 10223 6723 11253 7492 3579 6247 3917 7495
10 1545 2526 5384 8898 9422 11105 11321 11546 12899 13587
10 2461 9055 6364 6979 5768 2215 7280 11828 9849 5118
10 2000 8469 830 8703 9590 4899 2439 7786 6620 14329
10 1126 1423 3660 5216 1128 7650 2914 2992 11027 240
10 5001 2094 4609 7318 4012 1041 277 2914 2768 11135
10 4411 12259 15244 14187 16045 352 4408 2198 11277 14789
10 7054 1929 1837 4777 2589 2878 2829 8071 7000 6512
10 12681 4079 374 12571 2533 7029 13447 9533 7453 4420
10 823 4179 6359 11640 12826 15113 15708 16045 16098 16319
10 885 2635 1180 10918 3012 8020 4283 2637 9222 15928
10 3591 441 4139 2720 4667 6572 5701 2821 3481 3970
10 2464 3064 3614 4235 4629 4797 5836 5994 6863 9700
10 14177 14018 12462 13444 13874 13443 11328 14348 11158 13491
10 328 1114 5620 2368 5616 5889 5630 5883 264 994
10 5882 944 5900 1168 1210 5880 5891 1664 1007 5903
10 3687 6938 2077 3659 9759 1368 1372 1358 1115 4585
10 14556 13286 14449 14745 16493 9693 13058 13745 11956 7824
10 23 15328 380 15584 15600 14790 15676 7004 14035 2533
10 5895 1141 7554 7507 13081 2159 1713 7555 1720 4958
10 4587 12825 3970 12974 8851 12770 4018 5223 8901 6572
10 6807 6810 6798 1950 3844 10935 1084 3324 5941 740
10 226 6544 2216 5056 7827 1181 1345 1213 4343 3414
10 7018 6927 3666 7519 2609 12520 9162 2523 1974 1104
10 4761 107 3170 6423 11182 5233 4759 10780 2024 1525
10 14134 13319 14105 752 3100 8836 13898 14379 3734 618
10 10495 11091 12255 8420 2744 5774 10304 10388 4988 9893
10 15413 14365 12043 10182 14684 11838 15858 13410 16101 16609
10 7289 2221 6948 14345 9867 2351 4059 2835 4820 9964
10 13577 9056 6317 10089 10699 7898 10651 917 6739 9193
10 1130 2269 3230 6413 9580 9688 10910 11236 11977 12293
10 1820 9293 3468 3315 4755 1745 9376 32 6350 861
10 12505 15759 16166 14629 13258 13534 6325 13279 2712 14574
10 5631 5634 5622 5630 5633 5626 5620 5070 5621 5635
10 8733 11159 1247 2653 13742 8462 10098 9025 822 2389
10 10127 4454 5820 11966 6448 7515 1757 10790 1759 914
10 4256 1948 1460 1951 4251 10404 11948 1041 1947 5322
10 4181 1104 10765 3808 5588 521 3446 2397 1865 3839
10 11164 380 6766 226 8050 477 1226 2216 1706 3419
10 650 229 619 1883 1648 1885 5935 3022 3442 5591
10 131 15225 3464 14227 15754 16619 15907 14443 15471 15609
10 1810 10776 3127 7596 3212 4869 3125 2023 4404 10376
10 9147 2194 1213 2944 7612 4303 2216 1727 7954 7465
10 50 5497 13036 2240 5480 1668 4965 5930 16215 14649
10 328 2390 5793 1891 3475 1203 9586 1113 8976 4027
10 2872 10266 4681 7545 7233 14968 433 6770 3428 3003
10 6021 5039 2446 450 9307 4593 11692 4212 4865 2874
10 11571 12222 6303 10582 13062 5913 12224 12090 11682 12555
10 4143 3273 440 879 5064 5063 7701 2709 465 6660
10 2728 4528 1537 1240 12665 10280 14173 6993 7793 2718
10 705 2346 3536 5768 6783 6834 7641 8753 9055 9133
10 15364 16731 14160 10552 6159 15113 13850 14476 16958 15641
10 14699 14278 13016 6581 12040 14751 11666 7999 14089 14700
10 2838 4984 1196 6920 1209 5148 2227 1188 4922 929
10 1203 845 1104 14090 1192 11538 6730 12383 14829 1944
10 247 1665 6623 9824 10474 10579 10585 10844 11003 11921
10 13308 13903 13290 11710 9206 11915 11666 12631 12981 8204
10 148 917 937 1152 1903 1910 2057 2391 2539 2753
10 14767 13442 14089 14180 13216 5726 11610 9859 13180 14278
10 15037 5646 11757 1767 7565 5684 14734 5647 10039 2030
10 922 14607 9475 13332 13152 7159 13154 1132 13407 4457
10 615 8928 11618 9772 7262 11992 11947 11923 12055 7372
10 11465 8450 11433 6909 11380 2571 11480 11439 11431 7411
10 15082 15877 15310 15209 15461 12465 14461 16146 4857 15735
10 4345 3737 1047 4171 1090 884 1974 3711 4343 4187
10 14521 2397 9939 4932 8701 8294 1346 4834 17 4548
10 14 5411 12390 10944 477 79 28 2778 746 9578
10 7996 14576 7636 11926 4086 5262 8925 16045 11888 1090
10 11323 11245 2582 16252 12067 11978 6102 12082 5283 11797
10 12799 12954 4962 9545 3202 14239 81 4096 3529 15817
10 2164 2301 3885 4254 4793 5308 5311 9494 12209 13173
10 8884 446 7918 3222 3018 11650 10485 4307 12199 12357
10 13713 13768 13718 13661 14043 13676 13701 13776 13660 13765
10 998 2462 2788 2794 4685 7922 10305 11091 12481 13364
10 977 1811 3775 4477 5044 6221 6266 6669 6670 6671
10 5261 830 5963 9954 8410 11268 2752 864 11270 11269
10 8575 11731 7578 611 735 9616 9264 8962 6215 8121
10 821 1203 2066 5261 8733 9888 11199 12074 12128 12715
10 2049 8181 4592 3699 4080 13937 12536 2715 3231 2749
10 929 7042 8938 9726 1665 3516 10031 1209 8878 1167
10 2534 8426 14607 140 13405 4020 755 12670 2207 10214
10 5550 1839 1822 1828 1834 1841 12574 1840 1836 1825
10 680 1478 1933 2297 2985 2986 4223 7567 13047 14907
10 1348 2901 6936 11942 4464 4462 4493 240 5723 1372
10 7876 11885 1259 10793 5750 1616 9803 11567 140 10562
10 2315 30 447 2352 2283 656 657 137 120 135
10 12254 11866 12186 1700 1931 2383 14102 6574 1712 6416
10 4284 2103 158 663 546 8049 7969 7200 176 80
10 1243 273 409 750 5530 307 2437 175 173 221
10 746 2293 3648 2547 119 265 4998 86 1903 4997
10 3891 4790 4788 2486 4791 2102 681 701 2126 4020
10 9200 5355 6808 453 7270 755 477 286 3223 12056
10 4079 10644 1681 4135 5955 6264 655 10663 380 4331
10 2828 7763 6554 4409 4427 888 9638 7922 3921 4426
10 2378 7969 1482 5291 2462 3435 1784 3388 4343 7154
10 10739 2765 4748 2114 6548 12099 7117 1891 2235 3445
10 1403 12132 8864 2434 1332 4671 12894 9493 6351 10669
10 14553 10605 15071 13436 14391 13874 13943 4421 10087 12423
10 255 3391 10212 2728 4062 11092 1860 10012 2308 8065
10 595 902 790 2453 1409 2198 2515 1487 1331 2120
10 16777 15316 12445 16776 16977 16658 8274 16733 14657 16740
10 12110 4742 6774 10578 1751 7402 7978 4498 4036 1377
10 1353 3472 1383 400 3078 1400 3079 3085 4852 2032
10 1050 2525 490 1028 1866 5588 49 1852 54 9579
10 9332 2690 6906 7823 7822 2566 11463 1115 4174 1157
10 10170 12887 9933 11588 106 3932 6577 11589 3941 8522
10 881 2546 1778 423 5684 2547 906 4847 45 192
10 13301 13439 845 13812 4189 8834 4052 10718 16755 14141
10 6427 9119 8001 10746 1484 11107 3186 10216 521 523
10 12395 8217 6469 13128 6895 6216 5097 4491 1160 1397
10 6307 4234 11119 477 4136 2750 9727 10470 4834 1159
10 15862 15927 15789 15711 15288 15742 16388 15958 3892 11850
10 11219 8670 4773 2290 9403 10543 10541 15098 3414 8569
10 453 524 656 1876 2803 4731 4736 4737 4740 9455
10 426 2900 4484 7414 8028 8360 10857 12173 12933 13008
10 13437 8163 5508 9046 15027 11357 4961 2240 5343 8859
10 15033 15723 11505 12335 15738 14676 16410 14726 12831 11040
10 5769 9358 4079 9026 4446 728 3113 5034 9591 10644
10 7315 4004 7841 1919 9985 405 4671 888 4131 1930
10 7627 10526 6098 3690 8117 8618 6377 3245 8606 2208
10 16653 110 16240 16497 16749 15102 11613 10338 4966 16775
10 11614 8669 6172 684 5284 9166 12400 3169 10316 12418
10 10123 16409 1897 15665 2084 16383 14285 14988 5503 14973
10 8271 3118 12361 13814 9541 12390 5110 14631 13883 12460
10 15090 11266 9419 12477 15093 3148 14305 3169 15391 14625
10 8951 1408 13008 4108 4037 11310 14533 12486 5207 6644
10 16923 16869 16753 13452 15028 14505 13964 15064 15066 16373
10 8740 5872 8089 4370 3668 1046 4581 2992 4916 10199
10 223 7740 7738 4845 2430 888 2201 3810 1041 230
10 2767 2078 8188 639 638 22 7184 3326 14 4709
10 2028 1732 13351 9123 7823 1115 7573 845 3456 837
10 4246 1296 761 1317 11258 4649 5504 2240 250 5475
10 705 8587 6818 1104 802 2485 868 2405 3368 5676
10 855 828 856 853 859 863 862 861 831 858
10 16552 14988 16365 15816 15655 16141 15858 15420 16530 15737
10 11202 2080 9835 2082 5690 6384 6798 2966 746 1995
10 5308 5311 4331 12108 13548 1090 4349 108 9919 2164
10 9103 14823 12842 2794 11186 10430 13491 9966 14177 13443
10 121 381 4931 262 198 1179 303 389 119 109
10 15745 15017 15403 15883 15822 15871 15772 15847 8280 14646
10 280 285 380 567 2800 3981 4585 5780 8698 9759
10 11578 12516 11492 12084 7133 8997 2022 11493 7031 6947
10 217 142 8955 6091 5249 11349 199 4328 143 12047
10 8705 238 3850 3981 7763 443 10433 9613 5398 10032
10 2051 2914 6294 11255 11888 12764 14194 14808 15113 16353
10 9529 1209 1027 10104 5711 6774 7042 10158 1164 1094
10 14275 8091 13783 2394 13278 14998 14731 2562 11412 13899
10 2489 12202 11205 11768 12291 7262 11661 8014 14891 14450
10 12990 9141 6383 6721 6583 10883 753 6138 7398 2533
10 209 428 245 49 54 427 276 425 1871 252
10 1980 3775 604 9682 1755 6868 4122 4703 2034 11132
10 10150 6294 12481 11212 7486 10043 2785 10962 4356 12689
10 1357 7398 3309 4572 1684 39 489 9858 280 477
10 15 8851 10019 2739 5312 6850 1474 6341 10159 4032
10 1091 7752 1919 8812 926 888 3142 8888 8478 11135
10 4838 14682 14854 16528 16599 16645 16651 16757 16761 16793
10 3644 4804 14963 5356 9719 3643 6030 11325 8012 9439
10 746 2470 3132 849 2082 6347 23 9533 2292 1476
10 212 2535 2902 4448 7339 7825 8323 8792 8799 12352
10 5098 15309 15357 10163 9130 4648 13439 14502 767 13871
10 8929 7615 7857 6000 4622 15911 1140 4618 5842 12468
10 6635 883 2738 3001 2737 4420 2472 6317 3261 2712
10 1451 6866 667 9859 11136 715 6652 7963 6694 6868
10 5568 736 1337 686 4291 6159 10766 1849 1876 4520
10 1919 2299 2689 2758 3089 3348 3349 3351 3608 7167
10 8780 647 4849 9423 544 331 7691 10064 739 6884
10 8160 2985 7672 8237 8420 7763 4740 75 7135 7534
10 5033 2339 1421 5006 2540 809 4647 5208 11786 2402
10 3556 896 2448 5761 11675 7101 5690 1722 10672 7111
10 15682 4070 10382 3673 15377 1334 14736 1350 11950 1283
10 1179 10439 8083 4820 934 3336 1206 2351 3532 8947
10 5554 4989 4885 8471 1130 5553 1469 5552 11516 3089
10 2835 4686 3438 13120 14995 15603 10522 3187 5813 10600
10 1738 12151 12180 2623 3053 12129 4441 12174 12158 12147
10 2199 595 788 2837 11375 682 8630 1267 1244 271
10 11761 10765 2549 2552 14611 7734 8995 2008 1898 10271
10 9269 13891 7917 16636 2658 16721 13894 12366 16294 11020
10 3360 1529 908 4198 3198 2288 5050 2436 1596 6528
10 212 2877 2902 4137 4576 5339 6300 7000 7001 8323
10 9991 7631 13193 7085 14244 11229 4703 10907 10760 1032
10 917 4234 7053 8392 9712 10605 12563 12571 13364 14177
10 16096 12997 16564 14445 14453 11515 650 15075 15010 15984
10 5961 9210 988 7324 6443 9761 10709 9763 9329 7606
10 1919 7209 1231 1195 2691 5088 1829 4912 5403 5823
10 3896 4682 2791 5784 7943 11142 3025 6564 251 2901
10 450 572 875 948 1038 1242 2449 2450 2451 2452
10 7379 13505 16907 16962 16758 9608 16317 15743 16829 16969
10 1960 3988 8591 863 12395 9030 11714 7743 821 13009
10 5019 116 3865 25 5287 2826 113 64 1500 4505
10 16914 16664 16034 16789 16349 14726 16870 15661 15773 16424
10 9109 8224 6689 3104 1329 1753 9616 8887 6327 1765
10 1350 4946 6086 9343 8701 709 12923 6231 3221 3636
10 3846 3591 5991 5025 4620 9843 6848 4562 6416 9842
10 7102 2113 6932 7468 3227 1213 5560 7915 2240 1183
10 13678 13655 13663 4130 13667 13782 13755 13649 13696 13669
10 16782 15653 15768 15289 16775 14799 16864 16116 15408 15387
10 1072 5005 8508 12151 9631 7993 1179 5276 8224 7486
10 12880 15101 12575 12811 1177 10466 2227 15111 10923 3245
10 16409 16240 13728 16405 13933 15211 15767 16584 16467 9038
10 5617 5623 27 5634 5625 5630 5633 5624 5627 5631
10 15316 12039 11571 14912 15923 11577 12690 15197 11367 11595
10 6573 4133 1929 4654 4252 4251 4247 2155 1876 4250
10 3873 3399 10148 3801 3387 441 4169 4871 3404 3846
10 6441 7476 12201 6964 226 13344 218 16808 8531 16
10 7680 2742 2053 2007 10758 3132 13267 2715 9045 2056
10 9210 3750 9519 8911 2165 10075 4820 7235 1484 3763
10 1022 220 1602 1122 12976 1005 3495 1209 5086 5869
10 5988 3923 5023 9564 2445 5103 16945 12768 12604 4202
10 125 1131 1130 8504 1361 1150 3089 957 1124 615
10 3154 14067 1568 1704 16251 15362 16065 16097 16256 15349
10 876 2340 9552 899 1403 6919 13979 717 3603 6971
10 7818 10810 845 3495 2203 1663 9392 1009 7877 9953
10 10601 3783 12109 7036 1213 27 4738 9790 8095 4737
10 16614 14280 14666 10599 11164 14667 1283 15794 15809 8212
10 3181 3736 14734 4109 3926 10451 8456 10874 10039 2873
10 54 530 108 813 209 5034 59 152 115 49
10 13115 12205 12625 13364 11218 13492 13482 12985 10505 12469
10 7730 2240 1198 6066 9752 7447 453 1174 3710 9754
10 2085 13012 9243 8309 13280 13238 12800 14342 7629 1680
10 50 1561 4015 3975 13142 12684 14983 12682 10662 13568
10 14 2798 2343 4459 1683 4774 655 2786 6979 4
10 15088 9613 561 14959 8907 14177 3711 132 6544 278
10 7365 227 12976 1632 10621 1590 10249 1542 1698 9138
10 7421 13795 856 2691 2965 2681 10409 2000 838 2680
10 9849 9604 4903 3446 2461 6364 5138 6978 3445 3515
10 5761 2448 7111 7110 5690 3556 7109 1722 896 7101
10 8675 8673 8685 6997 8679 8541 8680 8540 8678 8174
10 14996 12666 16288 15831 6540 3188 13521 16192 8151 16154
10 6528 3332 5606 9678 6432 11036 4557 12015 6715 11696
10 4660 8817 8943 8988 10573 12272 12492 13804 16045 16947
10 2418 3804 4108 1068 1480 3812 9007 4109 36 937
10 16007 16222 15856 12774 16514 15582 15324 15799 16501 14715
10 9100 2766 9012 7630 5408 12646 10924 11686 12794 10952
10 1699 4144 7697 11309 11824 12706 13406 13924 14012 14475
10 5854 6192 2505 1430 6127 5774 8441 86 3352 14809
10 13285 13966 6353 5322 12853 1919 3808 1918 14718 2216
10 9410 10022 9388 7638 10469 10264 8513 7917 10361 12477
10 14409 1556 14383 5913 11315 14019 12523 14863 11046 12441
10 11091 8721 12652 925 1424 10606 9358 125 2816 8236
10 6850 12998 7321 4798 1 169 1561 1528 43 4039
10 16401 7779 2532 16555 5223 16343 16445 15490 15621 11805
10 3431 4731 10327 767 523 1086 7661 1159 552 13185
10 5056 2452 3968 3660 3221 16593 9650 4020 9751 12319
10 3907 7180 3906 946 1993 2743 896 3001 2625 8754
10 7043 9516 2987 6843 13854 9007 13401 9256 7905 13484
10 3414 13059 7813 5182 702 2216 1090 4731 13053 30
10 16845 15537 296 2365 16803 16493 16722 16807 16976 14276
10 14498 7377 3088 5681 14230 1737 5680 12989 13078 15412
10 12339 10524 14834 15144 4933 790 9257 14274 12791 13247
10 16297 10662 10272 11967 4871 3 9793 9228 14288 7255
10 5161 9043 9557 9593 9603 10332 10361 10386 10387 10775
10 7657 13940 1201 4069 12743 10036 8075 1878 328 7751
10 2473 2411 485 7519 1556 3495 9194 8349 9705 8326
10 7353 4824 13263 1483 1179 3347 4069 10832 2178 7938
10 12373 501 11995 6110 14264 369 1088 1873 8278 4047
10 7444 902 6350 9276 3187 900 7430 1898 7509 6439
10 7564 5563 7572 2563 28 11285 2393 10301 6029 2293
10 7392 2055 7300 9272 8281 701 2509 9977 6326 148
10 1014 5877 8415 1773 1215 1192 7005 1180 9734 3319
10 1944 3970 5312 5977 9847 10520 13055 13798 15029 16320
10 15047 16788 16318 4179 8227 7647 10891 15086 14877 16043
10 7790 3753 12133 726 937 725 1723 1173 6694 622
10 16703 6429 11158 12279 15251 12378 12923 13179 2053 10864
10 2553 172 10921 8100 5389 303 12235 5140 8388 5178
10 1175 6334 5460 8370 9621 1104 7792 4820 6408 2240
10 9032 11069 10468 666 1090 1767 5879 9845 7049 5270
10 16954 2078 15109 14988 16154 15847 16120 16397 13841 15508
10 928 14859 12484 736 6579 15707 13525 14758 6230 1815
10 14396 5113 8496 5175 2874 6524 15185 1717 15903 6437
10 15459 13448 14613 3088 16083 14053 15869 14505 8949 8077
10 4440 8408 4423 1476 380 11663 4425 4735 4437 28
10 4020 12244 5355 8759 15922 5120 2350 6255 12474 12156
10 14064 16506 9517 16162 9684 16711 14502 6988 4179 16872
10 10470 14031 2888 3686 10043 13364 2402 2617 14283 3080
10 689 4535 5039 691 670 874 9552 10081 7168 690
10 10998 12432 10125 7904 10283 13886 11197 6357 11148 767
10 447 2051 7894 2358 2829 6630 6347 2914 8237 2350
10 679 2325 226 2842 444 755 2245 2075 2098 2539
10 1149 1181 3723 1769 9084 7040 8937 6515 4050 2895
10 2112 12894 888 1787 13430 3966 1837 8863 7583 4009
10 7037 2689 1006 3643 7036 3608 4344 4346 1167 8986
10 212 2877 2902 4137 4576 5339 6300 7000 7001 8323
10 15749 13204 1568 1521 1588 9773 15352 1557 26 15
10 11576 11624 11538 4970 9006 12523 5643 8268 11800 8399
10 1630 269 7114 7052 31 6949 7634 2826 10133 12575
10 2040 9597 1403 1387 1377 69 6822 7434 7458 7968
10 4258 10404 10797 4654 10660 4252 4256 4262 13978 559
10 381 504 1987 318 1444 4713 154 4952 221 505
10 867 3800 2144 4018 3595 3071 7836 5918 4035 8600
10 14607 16403 15118 16928 14502 15588 10162 1564 16945 16402
10 3741 3776 6294 10954 11964 12190 12191 13943 14150 14226
10 3649 8817 8943 8944 8988 8989 10787 12492 13804 14242
10 14665 2622 15031 11108 9730 14849 4854 1062 12615 1045
10 329 520 1669 5728 6951 8133 8801 11700 13934 14144
10 2 10843 11331 12437 15600 15958 1123 16947 10909 15979
10 2579 2822 3771 4292 5590 7352 7902 9950 10009 10843
10 13667 13712 13703 13778 13757 13670 12830 13749 13717 13651
10 7149 7500 2428 1700 7306 8468 6975 7720 7499 7498
10 7973 14017 15345 648 628 807 14943 15363 12284 13224
10 11701 6262 12662 11793 12491 11688 12168 7904 11630 12562
10 14544 13802 12049 7811 14479 9282 10123 11889 4503 11963
10 5855 12095 8719 1856 8718 1805 10262 8729 6043 8669
10 397 581 582 2882 2885 2886 2887 2888 3670 3944
10 4999 2893 8952 5338 1807 2941 14420 5103 9482 4728
10 1192 3319 2093 1498 4459 2092 1195 2798 9013 8226
10 11374 6964 12244 14733 13195 6754 9444 5937 13485 2534
10 12570 8603 12931 12244 10864 8742 10322 3733 13927 1774
10 2712 8521 12571 5950 7886 4808 6549 5538 3256 8516
10 14177 13364 12190 12842 13326 9103 9966 12840 10605 12563
10 2158 841 13020 11920 15814 13586 5132 14971 338 5943
10 714 5830 5306 12330 15645 11971 6019 515 14396 3045
10 13341 11723 4630 6231 933 359 5267 3673 5949 921
10 16 76 226 882 1036 2469 5110 9939 11058 11098
10 9114 418 10275 5691 50 11264 205 1541 9890 10391
10 6489 10822 1862 626 13200 6867 1665 3059 13308 4108
10 9407 8029 10735 5542 6127 3538 12180 8076 15673 14003
10 6357 6316 8231 9557 10349 5736 6340 5706 9884 6509
10 4138 5163 7331 7788 8634 8641 8648 9280 10118 10493
10 12669 16328 15726 15549 15731 14583 8104 3998 14910 14006
10 5766 135 4584 3660 3468 3473 4776 2727 2853 6393
10 12380 9432 15566 9603 1318 10854 1647 9430 16830 1305
10 10876 10605 12840 14490 12842 11328 9966 2489 12447 13443
10 28 9773 16239 13288 7756 1616 4158 15526 26 3278
10 4483 3281 11571 767 1673 3189 16847 3190 14571 14184
10 1136 7583 4002 2118 7585 3142 4007 1929 211 5158
10 3857 4775 4780 3683 2770 4785 3075 3660 4778 4782
10 917 2378 1149 2372 2006 2445 2472 2749 447 369
10 5701 7379 2922 10196 4199 6649 7684 5985 6434 1494
10 4179 15984 16250 15113 16274 15958 15995 15875 15868 12244
10 15168 1177 4823 9973 9766 6643 4069 10368 10065 9210
10 2489 3428 3522 12419 14022 14362 14672 15152 15640 15801
10 648 9159 9569 4643 8343 2020 2446 876 9200 9372
10 10481 12229 14186 10211 5589 1864 11720 14264 4384 16857
10 2462 5260 2914 1401 14689 7968 2040 12657 5835 1993
10 7279 1689 1175 5828 5945 2182 294 1096 1097 9406
10 15394 14758 16121 14257 14826 14365 15978 14706 15924 14354
10 13699 13691 13682 13770 13707 12830 13650 13782 13679 13685
10 801 1109 8502 1381 988 5152 4479 2235 7531 9626
10 11747 11917 12187 2970 11524 16024 8094 11327 6075 8490
10 1557 5271 15731 3404 4096 16656 16712 15784 6968 8124
10 280 320 598 2787 2983 3115 3638 8110 8698 9546
10 4392 3748 4248 3240 4357 4606 2852 3850 4130 3236
10 128 390 772 4158 5750 6818 9669 13900 15568 15610
10 11238 2485 13839 11883 8875 10756 11237 6675 1714 11519
10 2792 14576 11203 10180 5034 4050 12992 12377 14175 6515
10 4952 505 762 4324 3726 5037 1042 3410 6673 6105
10 3053 4080 14132 8521 7672 2985 10001 7231 13194 4206
10 2914 7211 7215 7445 8952 10247 11921 11959 11960 12263
10 99 4988 2842 4996 1278 4776 2355 3468 1049 4777
10 7258 9406 2113 9592 9716 8753 2211 8947 6334 564
10 7902 1931 4036 10605 15866 6772 5267 14386 1719 11503
10 16296 5161 14501 14883 16025 15926 9228 16449 16618 3367
10 7725 6439 7314 6208 5584 3218 4945 1211 144 2323
10 4354 14135 4352 7262 13258 13534 15071 12689 13814 15715
10 10837 521 13365 8598 15425 3746 9664 11374 5211 9453
10 15358 13268 16219 16012 13903 16294 16045 11781 16318 1761
10 11240 11237 9292 5387 11251 11798 12658 4076 10927 11883
10 4793 247 4448 545 2126 479 1264 549 1230 745
10 12213 9103 9164 5034 9893 13482 8831 13784 8907 23
10 12401 5410 6087 12720 10244 3745 1722 8922 647 9291
10 3039 5550 13385 1141 4880 4242 12574 6346 4060 5549
10 2246 888 1090 4131 11986 4130 7924 7424 2521 3919
10 7584 4653 12064 4840 3860 10369 6417 4518 4961 7629
10 797 12627 9553 9917 8131 955 9110 12011 13936 5582
10 16111 16103 14531 12621 13556 6653 8632 13386 14545 13216
10 6625 12895 75 13029 746 13269 3733 7369 10117 1380
10 8390 10743 15490 8389 5327 12170 14165 9544 7543 15651
10 450 5331 7840 7110 9977 10837 2445 8090 10377 656
10 2170 7651 2178 9291 8319 2179 2215 9124 7354 1203
10 7838 4577 534 951 6505 9374 7437 3130 5781 6466
10 15164 15913 10834 15055 14940 15191 16158 12847 14333 12805
10 13383 5346 15221 3591 11156 7025 3570 10499 8848 441
10 6798 2123 10693 2753 2000 96 5185 13510 3639 75
10 1680 9797 12606 9839 10724 1694 6206 15059 15710 9228
10 14298 4922 7812 13146 7818 12321 333 7157 12312 1456
10 14565 4676 13979 1919 6345 1923 14915 15675 15012 16287
10 3602 4296 7395 2035 3794 11979 9640 11342 7670 7126
10 9611 8136 15256 5058 16065 9194 10251 3596 9878 8326
10 530 483 838 3183 3309 3185 3184 2466 2411 630
10 13142 1619 10957 16386 11701 13727 8366 12287 9324 12233
10 477 2788 2794 3930 11002 11328 12205 13010 14877 15094
10 8880 7891 5734 5963 3838 1442 8765 5723 5686 6674
10 550 1357 3890 6495 7625 530 2227 1200 1942 5312
10 7785 13502 13793 12626 14274 13912 334 14871 14700 10000
10 6612 1429 1391 1412 9373 3968 8928 3008 2774 1434
10 15739 13218 11618 2744 14672 13098 14362 14632 10605 14742
10 9598 15645 14119 16785 12330 10590 12932 3254 13993 13028
10 13605 13827 12080 12665 10811 13531 14437 12029 5966 12801
10 9421 8617 14550 8612 12219 6115 10550 14409 13070 8923
10 9066 13907 11902 8125 15284 8830 6840 12953 13488 14674
10 4929 5538 914 7700 330 4204 6751 2441 2000 2443
10 7374 950 951 6045 12694 2916 5757 9546 7350 11080
10 6826 9513 10876 12279 12469 13113 13218 13534 14574 15386
10 4367 5612 16736 6967 14607 16045 9818 15440 16641 16752
10 3271 5925 3062 6644 1770 4322 6662 5129 1862 5948
10 7763 11567 10351 9111 13099 2097 10515 3981 9001 10813
10 10262 16773 10308 8545 9061 13140 8770 14773 2558 4025
10 15977 16186 14548 13043 13226 15882 16917 5506 14720 13289
10 1937 6617 2216 8458 4020 1100 1345 8036 3196 9757
10 941 6793 4078 2745 5964 2747 2314 1261 5417 11923
10 3896 2546 2626 6393 4896 10194 4780 3671 791 6370
10 276 98 6570 2495 4179 1028 1856 4530 6874 8929
10 3007 4533 10249 12456 12077 2596 6505 8312 11231 8114
10 2676 4622 3870 6135 5842 3332 2946 2144 6477 6056
10 4892 226 1356 17 4650 7537 246 3808 511 4460
10 14108 16244 16388 10852 16237 8195 5141 4335 13053 277
10 14436 15085 2472 15578 15505 12453 9878 15842 15245 14808
10 505 2105 1397 206 7562 150 378 1987 13114 223
10 3838 1180 1459 15323 5313 2388 1113 1009 5309 5963
10 9157 996 4910 2657 12695 12197 8967 16064 8128 13078
10 12573 11567 15185 15382 2629 15324 109 15970 15892 12826
10 3261 2712 5266 3627 3386 843 5264 1432 5263 5265
10 3903 11750 2361 8852 11555 7189 5351 10181 9048 7899
10 4017 3342 4018 3366 2415 8385 4805 5765 6854 6493
10 4958 1442 6647 2246 7520 6314 4581 5332 8588 1937
10 15892 9598 13028 14455 13227 12216 4497 4924 9870 628
10 11762 7466 3414 5515 9613 561 2552 11753 13511 12563
10 10045 1161 10693 8415 1203 2485 837 922 845 1223
10 4841 2489 11203 4773 12330 3782 1020 243 10086 3573
10 43 2529 1569 9195 13217 5088 9571 2048 11910 8134
10 10591 13583 15624 4465 16081 6730 1199 11538 9334 14392
10 7928 3752 7661 4000 8040 4001 7197 814 2863 2290
10 11382 9042 5631 11433 4755 6906 5623 5616 7198 11466
10 655 4137 807 236 3781 5079 5298 9790 14565 14772
10 281 3955 2338 2797 2798 4802 4268 814 4580 655
10 760 5651 6761 9233 7227 1116 7765 3619 4249 4611
10 7868 6063 8745 8790 978 8898 11648 15036 15016 6675
10 6740 335 2794 6088 3175 7898 10672 4684 5905 923
10 8873 11711 6977 3616 10911 9600 5911 10910 6651 13025
10 9211 15423 12504 14954 612 8987 12008 12835 16306 9254
10 10888 12182 750 1987 3410 8177 5992 172 308 379
10 13595 14050 14655 12522 12007 4966 6372 2814 8787 12833
10 666 7622 2762 2776 4283 1668 6958 1208 2777 8712
10 13204 8812 4197 7826 7170 2765 10032 14319 8917 3673
10 9235 9509 1209 7607 6229 10607 1665 9236 9210 11503
10 5444 1537 8889 1398 5344 10354 12332 9683 1538 12526
10 6404 4113 7446 2152 2215 7289 11360 10327 9623 5754
10 7142 417 380 183 4696 3781 392 4473 401 390
10 844 1708 1709 1710 1711 1712 1713 1714 1715 2739
10 1104 12517 2156 9765 7117 11521 2171 2176 7633 1668
10 10668 3786 2262 7457 7210 10548 10664 7636 7706 2509
10 3465 11630 14092 16315 10608 6733 13236 14609 15320 9914
10 2791 2799 2077 2796 770 2793 2790 14116 2798 2795
10 12379 11137 1398 10085 15749 13987 11536 5815 12416 14092
10 1203 10294 4848 1430 3513 8808 1130 9834 14243 9447
10 397 581 582 2882 2885 2886 2887 2888 3670 3944
10 2942 6136 6737 7134 11046 16435 16567 16666 16736 16752
10 13523 14081 14773 4025 12807 14082 3997 13271 5427 13732
10 13962 4211 13338 1516 7149 5592 2513 11602 3453 4121
10 8549 9130 13805 14068 5688 14505 13878 12295 13599 13811
10 1250 4984 1204 5831 10439 13583 7025 6944 1203 10269
10 4001 953 970 2948 2949 972 4075 5274 2902 954
10 17 453 1275 3050 3414 4807 5198 8980 10541 15673
10 12554 1402 55 13185 4516 1441 8265 1148 1962 7947
10 5270 7897 16848 1005 10207 16007 16296 6828 13257 9839
10 3291 8302 625 4142 7790 1202 6418 4694 10127 1177
10 14868 14848 14953 14720 14261 14679 14005 14201 14982 14222
10 10052 7545 9445 1941 6979 3981 4740 1794 4030 4964
10 8376 6792 6932 11580 6127 3242 1919 3564 10194 8704
10 10701 10195 11159 8861 11812 13258 7474 1874 11328 14380
10 16043 9966 8136 15897 15686 8158 11109 12842 477 14177
10 14498 2194 13547 16199 1166 14830 15171 685 9145 688
10 8776 16733 13477 15084 16515 6519 14384 15786 11338 15041
10 8081 11519 4084 13827 1491 7029 13279 10909 13449 2324
10 13651 13656 14042 13770 13685 13683 13684 1791 13663 10539
10 1258 4060 3031 3033 5304 4243 7409 1137 4793 6261
10 13283 11286 11549 11285 13284 11717 13920 10978 4369 13992
10 10926 14061 14489 14407 13549 250 13505 14315 12427 13612
10 8396 8268 7257 3640 5492 10936 13250 11904 15839 1313
10 5021 7278 11398 9480 11784 8549 8091 12010 6506 14539
10 1200 283 655 23 8016 286 14 281 2785 400
10 3490 6038 1208 2013 3783 2009 6218 5014 868 6633
10 941 6523 939 1261 11025 11923 4134 2479 5028 2748
10 13546 98 4310 9854 16475 11314 3019 2193 15865 3193
10 13228 13247 12404 12961 15073 13502 4361 3818 7965 14272
10 2261 13097 4421 12461 7053 13093 12466 7326 5336 4318
10 2462 14022 2762 7832 1344 1367 4489 8318 2263 2853
10 1012 9063 12002 8690 4180 3149 8666 12493 6453 7663
10 11017 10348 12541 11216 7763 8194 12169 15695 11996 7783
10 2220 29 15446 13620 6237 15185 7443 9790 9124 9654
10 1627 1203 666 767 8666 2224 6146 1650 2225 2214
10 10897 9446 15803 3292 14799 14214 11314 16252 12445 12244
10 14041 13652 13692 13717 13750 13668 13685 13708 13755 13657
10 702 1041 2867 2868 3478 5772 7977 8177 9940 9941
10 1157 1223 2639 2838 4016 5021 6213 6214 6379 6553
10 2517 3689 9665 494 1634 7778 6012 3634 1748 3629
10 1219 2376 2377 2615 3516 3520 4589 9060 10165 10415
10 11515 15409 11288 15912 11283 15289 15193 11534 4518 11295
10 1338 2109 3478 3811 3817 4743 5958 6858 6940 6941
10 1185 5278 521 2231 2227 1668 1803 10905 11806 1213
10 125 776 965 6544 2991 7226 1128 7122 507 966
10 1563 6968 499 8368 10977 11341 11624 6012 693 360
10 88 12500 10083 16744 16730 16442 8446 16472 2002 14488
10 5005 4220 5001 2768 4402 2914 240 6393 7997 2666
10 15576 28 13972 13572 15257 15827 15506 1588 15600 15741
10 2087 12011 3829 5395 10141 3978 1983 1944 2164 10029
10 921 3414 5515 8569 8818 10046 11203 13946 14282 14611
10 3471 1085 2971 1739 2715 5646 5738 426 5809 2941
10 533 905 4263 4264 4673 4674 4675 6925 7346 7551
10 845 5707 3198 7371 9143 673 9142 7582 12049 2669
10 7172 7994 7482 10333 8681 136 9631 2541 7602 2355
10 993 6938 14362 2340 13224 3896 1015 283 3430 3330
10 520 4179 5805 5814 8085 8497 8499 12464 13951 14208
10 10663 2378 11099 14724 4983 469 4323 5968 8162 2389
10 2539 4777 7474 1456 8194 8953 4484 2489 11734 8977
10 3673 2993 7979 1417 4451 2462 706 8721 3348 2759
10 9385 12610 10001 7184 7430 3730 7893 1115 9897 3842
10 5794 10441 4114 4604 989 6862 10570 9659 7277 5371
10 2472 7272 4045 2715 6753 483 7718 2124 5170 5027
10 3083 6601 1520 477 1955 1657 1645 486 14 2032
10 5515 2164 4381 1090 8257 3003 709 7525 2232 3050
10 3291 10345 6177 11037 8887 10100 6488 14349 12486 5576
10 7938 831 10833 6804 6095 10832 7479 1179 11567 13272
10 8965 3782 136 2357 9820 4280 3785 3848 7969 2506
10 13061 284 3674 4027 2059 15163 628 12330 5263 14047
10 14834 10000 4331 7298 8639 13912 1507 7500 2065 7492
10 13156 10433 11217 2967 13490 3892 5847 6467 1142 3470
10 5981 954 6045 6300 12627 956 7927 8514 2902 4796
10 881 13882 2898 2715 2653 3113 882 12055 9760 8120
10 4882 8177 5175 14619 7408 6673 15657 7142 5772 2531
10 6761 11188 2691 4821 14379 2595 1277 6443 2186 6105
10 11612 816 2440 13510 6629 11252 13214 8076 2691 13919
10 1324 6692 4110 7192 6689 9211 6242 8987 13168 13374
10 5204 5205 1102 1409 5202 5200 5206 5201 1408 2407
10 4667 4400 5109 159 107 6446 677 6420 5999 4191
10 957 3660 2117 1899 2914 10273 9392 8083 7622 1144
10 11413 13459 11418 6214 10255 9157 9926 9661 12673 9947
10 2327 11010 10508 4813 6049 10347 6759 5842 4530 2387
10 889 1936 310 7357 888 6349 1948 553 701 629
10 13078 13813 16255 15412 14492 15857 15501 16475 14449 14068
10 12289 1203 1199 3616 5803 6601 677 777 7255 9451
10 4497 4490 14205 12910 1006 3348 4492 8088 5546 9302
10 4383 3735 3455 4277 14771 9289 5772 7007 3478 5310
10 211 10536 7682 4010 3117 13430 4099 2017 7583 5256
10 12790 16385 15324 16295 13945 56 5161 11905 1540 12366
10 4230 12376 2620 4072 2669 4761 10777 201 10780 113
10 5716 2300 12754 11820 3645 4805 11750 2084 12018 12494
10 16348 6279 13402 14351 16419 16200 16549 16452 6233 16531
10 6039 6258 7057 1910 10202 362 4836 4835 7016 2263
10 11250 11271 10927 12232 11237 11256 11251 9167 6667 3000
10 9133 5721 2495 1000 1208 3187 9473 4689 9637 666
10 2686 10294 3091 2778 5091 2681 4899 6911 11612 6625
10 39 1200 753 469 14289 1958 2138 2 10949 6495
10 12261 1903 14028 2909 7809 13205 6277 7253 14471 12179
10 1033 5245 5584 641 3637 11586 1283 3294 199 9810
10 8134 5441 49 39 9465 6422 276 7321 10608 1
10 14801 15101 16309 13111 16173 13809 14657 15240 13262 15530
10 8734 15840 11348 3183 6799 7859 12325 6014 6811 2282
10 438 6693 463 1980 1891 7464 1014 7094 1215 5573
10 14292 10603 2594 16924 6437 15979 8756 4285 12453 12641
10 9218 4664 12577 11803 11842 1931 1744 107 1590 888
10 9221 2793 48 10180 9103 11203 7570 7560 16 2489
10 8839 4687 6807 11808 10444 1755 9371 9443 861 3293
10 5176 5180 5181 3033 2609 5175 2673 5182 1937 5178
10 7847 12774 628 9790 13224 1232 284 12476 8439 12319
10 15355 11743 11642 12606 10869 13141 5977 12991 13055 9387
10 8510 2462 2794 7806 3175 5676 8326 703 27 28
10 3579 1507 10907 9051 7206 8635 4083 6899 8656 6662
10 1046 5857 1394 8080 4436 5256 1376 5750 1044 4792
10 4780 7110 13298 2445 3982 4947 7215 4574 7211 2951
10 1896 1856 1893 4616 1538 4586 4147 3883 928 3601
10 16087 3736 6297 11998 5559 1973 6287 667 731 5912
10 7251 4081 3486 2878 3276 2884 7431 5981 7825 2446
10 3176 10741 8721 755 359 2803 8020 2789 2462 8710
10 1660 80 1623 8269 1702 12010 11890 1541 1622 7917
10 16804 12843 15784 15423 8728 6824 16564 4121 16830 14997
10 15150 11246 12989 7377 13190 15357 15186 13130 14623 15625
10 1021 1024 993 1002 999 1017 1000 1008 1018 247
10 3736 3715 3553 4112 3738 3271 4504 2403 628 6925
10 1090 2240 1062 8275 6205 2166 1766 3567 1114 2596
10 13632 13722 13780 13747 13753 13721 13752 13768 13787 13754
10 1813 4812 207 881 4726 746 1976 4843 1955 16
10 5715 4191 11924 7772 14912 2944 201 1699 13809 14453
10 8831 7672 917 354 12571 2378 5587 13507 11551 6794
10 3090 3923 5009 5282 5448 5694 9200 10192 12174 16219
10 9979 12200 2123 10009 658 6669 6803 6802 10176 2822
10 5036 4033 9934 3385 4866 4380 1044 120 3565 4865
10 11897 13364 15407 8511 10983 9164 8420 14034 7170 8160
10 6925 13309 2270 7707 3560 4764 7603 1911 4296 3731
10 5357 5356 4725 5373 1213 294 5607 1901 1253 453
10 5425 13994 6164 14545 11846 1090 13859 13262 2470 12325
10 230 307 379 765 1888 4082 4746 4747 5813 6433
10 7231 11100 11985 746 12761 833 14169 1995 11551 3113
10 4240 3202 664 8833 7524 2019 3778 9854 1115 12551
10 1955 7545 14 481 380 15328 22 23 8756 14588
10 14420 7434 8896 10987 1467 2096 9056 2900 8041 8508
10 7886 5047 12604 10864 10312 15718 10265 11769 898 12035
10 13610 15671 14770 15865 14782 16182 16707 16396 16314 13130
10 5684 3593 11140 10348 6522 6441 6534 8604 1996 11216
10 6068 1254 7731 4633 10631 4804 9743 1253 1256 3492
10 7428 7547 6080 1107 12112 5152 4763 1766 9343 5560
10 977 6968 7869 6417 6844 7867 4720 4692 62 9581
10 16263 9672 9413 2060 11146 11338 15679 14384 14063 12188
10 16844 15857 14068 16475 14053 4872 13416 14770 15865 3088
10 1380 1814 2772 5690 6629 7056 8703 9524 13029 14809
10 2202 3817 4787 4788 4793 5139 5565 5566 7410 11948
10 9647 6307 9649 3760 10773 4197 8228 6054 6516 2046
10 1811 9103 5198 6344 1264 7090 7642 9025 3852 1272
10 226 8236 6347 2358 8237 3981 10152 8504 7922 2967
10 14139 8792 2553 4326 10110 8658 13548 7825 4479 7337
10 16004 11053 13293 12891 16917 13727 12674 13304 8260 14095
10 14218 7817 3096 14963 6087 12344 6314 14607 10629 12345
10 9103 3565 6197 1280 4130 4866 2419 4768 4977 2711
10 6226 6530 6162 5107 8245 5121 6071 7133 6210 6947
10 16681 14528 15846 16820 16813 16272 16957 15409 16666 16307
10 12010 2182 4498 14013 11301 3154 12548 12028 9338 6603
10 776 3502 12546 12237 5273 3081 9541 12469 11091 5843
10 4633 10416 9673 2008 7314 11722 4725 1181 1035 10975
10 2944 441 9274 16405 4024 2679 10369 16207 16352 5944
10 2799 809 8931 280 9759 3686 2785 4585 8698 6973
10 5852 5199 8443 2391 4684 3175 2831 5603 5849 3177
10 16129 15113 257 16746 15242 16922 1844 11753 1890 10614
10 16611 16721 16242 15930 16524 16520 15933 16309 15767 3148
10 426 10586 4689 13507 4946 961 7112 8512 14267 10918
10 12187 1167 2433 9000 14914 2153 5922 12875 755 10496
10 1862 731 2110 1700 5595 2488 4217 4979 15583 4674
10 3460 9353 7600 1110 1060 7790 4157 623 4691 5570
10 11850 1653 2479 2533 2682 6214 3235 341 8756 11362
10 3039 1716 304 4881 1776 2287 1987 4744 5970 3985
10 7142 8411 445 8730 12212 12699 3336 2844 576 4637
10 7319 1855 16670 16944 15870 8266 3555 15537 15531 8854
10 12571 14236 10061 2056 11200 2411 5321 4708 6188 9931
10 11262 8188 8655 13046 7911 8551 353 7646 7903 11261
10 3955 4579 4663 5066 972 7197 4507 4583 2797 281
10 4020 11803 13854 448 2505 11652 43 2459 42 2216
10 11551 13474 15718 6294 11216 7120 14086 16273 12860 10697
10 15699 13398 3380 15944 4404 492 6901 4655 10376 16228
10 10422 14459 1937 13028 8667 9764 1673 5832 10522 2446
10 16585 16814 3077 13511 2051 12571 7672 1995 12022 2053
10 5231 2221 6167 4265 6930 10577 12728 1213 17 5524
10 10468 7049 3372 1008 1565 14507 470 5299 13236 5303
10 2980 11625 4907 14645 12103 7632 4659 9623 7107 2156
10 421 5695 7128 11264 12220 13187 13622 14231 15833 16127
10 1711 1974 5900 7656 8745 9294 13823 14644 14882 16506
10 4765 4669 2643 4762 3722 1152 1755 4766 4772 4767
10 6697 10488 6405 1175 1395 3101 6682 6257 7256 4330
10 16116 16903 16907 16357 15753 16800 16403 16968 15944 16962
10 6524 3680 5456 5039 7814 2446 283 4609 3552 1403
10 2158 2223 2214 4824 7157 2224 1688 1189 6094 9981
10 6643 2488 5805 9761 5959 5317 6567 10065 2230 10689
10 1862 9860 3987 5839 13253 4510 9459 7178 5369 3060
10 3063 5319 1665 4342 4217 634 12714 5662 12535 328
10 9713 845 4140 515 8522 6232 10860 4964 9031 1657
10 16230 16861 9320 14448 14447 16318 6506 16080 15677 16955
10 11639 1774 838 7972 9128 8707 846 820 5149 6921
10 10966 9953 12457 4698 5071 9578 16044 2369 28 12077
10 14814 15856 15872 16718 15518 15299 12560 16379 14009 13262
10 13871 16419 1005 14288 11650 15814 15338 520 6103 1657
10 13635 13652 13670 13680 13763 13675 13649 13777 13682 13756
10 268 8420 5697 8831 8511 755 709 5673 14436 7170
10 8926 1668 11254 5563 7546 8649 334 943 6581 1629
10 2545 3295 199 1049 4896 69 2900 2783 3266 4237
10 6177 10259 7153 14834 8727 8353 11310 13725 15523 10339
10 5013 13144 17 142 1949 906 6544 13490 2216 7210
10 10795 666 775 814 10882 12367 9592 277 2345 13279
10 6183 2261 3234 917 2262 1395 1778 7109 5264 2259
10 328 8576 12749 5904 1665 6338 2371 13028 724 9392
10 4308 6262 1605 47 205 1620 1586 4191 8440 1005
10 4229 1114 1090 2523 9414 5243 7883 8737 13548 5312
10 939 7004 3118 3699 2747 293 1773 917 3323 8181
10 12350 4748 4993 3293 1085 426 3882 1184 9543 2268
10 3424 9403 3420 12548 8462 4808 2842 8721 7672 6584
10 727 937 1057 734 1066 3511 8564 1069 4936 1061
10 1648 8852 11308 9603 11598 5252 9456 36 9642 11571
10 6997 2653 1115 4415 4377 11848 2913 6932 7962 2691
10 8577 13147 12578 13337 441 4019 10589 8466 10508 7179
10 921 2400 5429 5607 7469 7731 8012 9563 9584 9721
10 8636 1508 6081 1511 1503 4604 6243 6271 7498 1504
10 1931 5801 7410 1948 5413 4146 4788 153 1946 4793
10 14475 4805 1073 428 4319 7697 2846 8384 1240 7867
10 1370 3329 592 7229 15317 2901 4912 8737 3325 6014
10 11798 15324 14867 1532 13264 1455 11256 6654 14151 10547
10 10156 10073 2508 16206 6264 5711 2433 1208 16341 5790
10 3462 9779 11577 13142 13994 15512 15831 15918 16149 16526
10 7922 12263 5769 1375 3981 12057 2114 3293 12842 5256
10 14877 12325 15815 14608 11767 10173 15256 2851 14 14056
10 8717 1137 7413 11995 684 7267 8824 13044 12526 1590
10 4721 7367 13053 791 3786 5104 7872 846 7925 4179
10 3545 3544 3275 2869 3543 3872 2884 3280 5073 3225
10 16782 15847 14988 15206 13161 16078 15495 7956 5121 14378
10 5339 10796 10856 5400 9621 972 7001 8999 8331 5274
10 684 2944 4518 4627 4839 5489 6033 6151 6156 9355
10 6332 2914 6363 1177 8273 5909 1875 2790 4779 1192
10 4232 11281 5787 2015 12096 10122 5437 8935 5913 9413
10 10598 4775 7283 1129 3907 11028 5548 1128 11027 1043
10 9624 1665 4219 4208 1878 4209 8728 3487 2240 12008
10 14779 15324 14637 5930 9109 14244 13247 14776 1455 9198
10 14034 6394 3566 5766 11097 12776 15693 9392 3782 3012
10 16274 14642 15727 14000 16118 4861 12486 14993 14780 13498
10 8379 5998 7810 6017 12351 11817 7415 11634 10704 9797
10 7471 7468 1012 2306 2397 7463 7467 29 2295 2231
10 1930 6953 570 1405 5139 7871 4743 211 890 10218
10 12840 12926 14672 14176 11004 14632 12842 13942 13326 11584
10 289 69 1779 3852 3982 9660 2904 1386 7504 7996
10 2505 2836 15382 8740 3684 5104 4496 1230 6544 2991
10 14199 13027 7070 10751 5315 2164 1180 9315 4261 8912
10 10708 7581 9860 11801 6218 11360 3604 12819 4821 9610
10 678 1195 3319 128 5579 5377 677 5596 5563 666
10 15353 13497 16252 13280 15500 16798 12946 13273 3823 15410
10 1557 4035 5489 5919 6432 7358 11244 15103 15542 16160
10 1747 2000 7856 8223 917 8888 11599 2770 3090 6620
10 13636 13770 12830 13786 13718 13662 13666 13782 13656 13654
10 6258 2027 2292 3699 6672 4983 6624 1995 2044 2806
10 16239 14967 10845 204 1570 16476 11970 6434 9777 15370
10 1700 1212 7279 2780 7258 2224 3245 294 7296 7157
10 4958 4743 689 701 4676 534 2164 3603 690 2025
10 13681 13778 13673 13637 13671 14040 13786 13720 11100 13718
10 5892 3382 2579 3381 11082 10264 3804 5107 1561 6041
10 6416 5489 6759 3165 5506 6848 12406 5693 4018 4627
10 2555 3253 16959 12120 1456 16692 15402 15547 14938 14104
10 1756 3704 7208 2980 6712 12210 6119 8509 1030 1506
10 12928 1259 529 14355 1395 4511 10883 2127 11865 1020
10 5322 7833 1903 2836 7834 1787 1134 1135 6602 3820
10 8408 4734 4444 139 3242 4432 4431 14607 11939 4733
10 767 16520 15607 2661 14261 15267 9375 3903 14839 13735
10 14835 13334 7542 5687 5734 9701 5760 3796 5725 7169
10 2406 6663 2379 9757 1907 921 1665 914 9341 1203
10 4942 4906 9963 2712 1009 9761 1697 4908 6643 2230
10 2662 2216 8756 7 2411 6168 1526 4428 5390 8470
10 7053 3319 3414 6578 1045 6537 3240 3603 5819 10304
10 2987 14298 5663 2782 1801 632 13342 14134 10441 11999
10 12956 14154 16068 11056 7596 907 16167 12687 4526 4514
10 1853 869 14870 2585 1319 3691 6513 3629 2661 12831
10 1537 2371 1005 249 2370 1199 1626 1565 205 1526
10 3369 7848 2446 6023 7846 5456 5113 518 742 2861
10 15262 12468 14234 9234 11525 10525 1733 10614 15117 5804
10 2608 7318 426 9215 1389 4689 3007 2448 2726 3764
10 1264 2350 3176 226 8158 2358 1479 5034 7978 615
10 13520 6848 5919 6419 7836 2821 3591 4620 1700 15055
10 418 2365 3393 3708 4301 7805 8746 9432 11571 12722
10 4676 1948 701 4611 8693 3761 8017 7315 1919 8695
10 12620 6419 3846 428 3018 4620 12274 4340 9068 12357
10 5841 6009 6330 10990 11571 4155 5248 3903 13392 12549
10 1928 4043 2716 5738 2325 2712 4227 2445 2292 5511
10 5238 14523 4358 15053 13545 1248 1898 1278 8369 14077
10 10824 6361 293 426 1092 2615 12720 2616 388 2293
10 4480 5711 7071 5870 4819 2177 11801 4479 8952 4917
10 2903 7337 9126 2876 8331 5339 948 2948 4001 5400
10 13563 6819 16253 3854 14409 3372 12386 5503 15444 16360
10 11097 293 109 12213 12563 14282 15673 2616 1898 11586
10 1324 618 9252 8562 6677 8987 10097 7422 6682 8559
10 816 1814 6629 7786 8703 11900 12759 14002 14329 14575
10 16601 5700 9476 11842 7049 15030 13532 7175 7721 9062
10 5916 8925 2807 11100 8594 8181 8160 3001 11769 1718
10 71 477 3181 15604 16603 9300 135 2736 2977 15638
10 4645 3069 3969 15165 2994 9426 7066 3950 5861 13923
10 1903 13599 16808 16295 2365 13609 13641 8277 11331 12537
10 16152 15740 16423 16145 16068 16165 16121 16127 16172 16001
10 16055 14607 13195 14398 12244 6294 16045 2611 6359 16656
10 7674 13737 14249 12966 11750 7616 291 12082 15164 5814
10 4241 4012 3866 1137 5970 1793 5826 2843 230 1763
10 16863 15047 15684 14186 10614 15203 14437 5031 15052 11253
10 7545 10695 936 3711 6294 8090 1047 8511 9650 11511
10 3380 1203 5722 4851 11696 1634 6704 958 837 8707
10 6346 1832 1720 1930 1090 12574 2159 3866 4676 2150
10 9392 4689 14719 6224 14374 920 9133 13819 1690 1891
10 4156 8227 2718 5105 421 2927 672 4839 4525 4184
10 2614 2149 6257 8255 1152 11876 1147 14634 2531 7984
10 6844 2143 3950 13598 547 3342 5861 5980 2648 4617
10 3944 2888 2886 2594 397 3543 5073 4831 5072 582
10 16263 16899 15512 15313 16358 15248 16930 3394 16601 12557
10 3686 3947 283 2333 3067 3936 267 3688 7163 6972
10 2645 2230 5301 7509 1773 4281 3218 8350 2360 2239
10 16133 10358 5467 10068 6463 8801 8528 14406 8859 14051
10 15071 13444 11887 12571 13980 15072 13960 6435 14236 9183
10 13776 13653 13654 13762 13756 13777 13711 13693 13781 10539
10 3146 4370 4371 4729 4730 4731 5920 13197 14192 16693
10 639 12186 12534 10717 10101 16945 2691 2281 7969 11353
10 3196 249 3009 3014 3373 3012 3013 68 3011 3023
10 15007 15309 13817 9431 11978 15441 13811 14327 11506 14376
10 3142 2118 2930 3625 3878 2366 1460 3277 2434 1454
10 4068 8774 290 10608 7149 1203 9136 12934 6907 12890
10 15865 14782 4872 16314 12989 13130 16066 13546 15914 12137
10 9191 1614 3394 6123 9796 9487 6144 418 9419 9430
10 1898 7858 7661 1213 483 4990 8158 457 7314 6541
10 9651 11909 845 10409 2697 3995 2203 11452 740 6553
10 11047 8927 1082 6083 11759 10585 6386 8490 11762 9717
10 6721 9073 5600 63 1532 64 62 7035 1499 8134
10 13637 13652 13786 1791 10539 13650 13769 13762 13701 13648
10 9685 11246 869 4233 13246 10804 13546 10714 13448 13078
10 10135 14170 5973 11066 8084 10992 9910 11073 14424 11871
10 5344 14353 10499 1120 10245 15191 5861 12781 8676 4645
10 2433 1690 2215 9742 9748 4689 10367 1180 3991 1181
10 6610 15528 13229 11657 12790 8218 15913 4623 1340 15165
10 3756 5526 6028 6516 6636 6834 6881 7193 7200 7428
10 2573 2624 6785 3997 5668 4853 4294 5965 4941 458
10 7576 10708 5017 8965 3047 3582 9816 9768 4612 8208
10 3663 1595 6514 5855 1200 477 1366 434 5401 8175
10 10369 12619 1631 10289 2226 12620 5235 4720 5944 11824
10 134 4027 2292 297 916 5808 3239 5690 2746 3632
10 9727 12344 9911 9399 6925 9649 911 10398 7014 2801
10 1922 2845 3532 4708 5690 5807 5808 7023 8233 10322
10 1043 2235 3582 1232 2216 2166 8001 6873 6428 1026
10 716 10318 4640 3578 7144 4056 11643 4657 7116 6173
10 9564 9590 8671 2440 829 1161 852 3343 8142 2778
10 887 509 1763 1213 12368 150 10595 1793 7773 319
10 703 15236 704 3706 14289 3125 27 11785 10494 13350
10 2169 12244 3582 10447 7117 1439 10767 6218 7794 2912
10 5158 7608 7142 1272 6362 4146 1392 12132 1948 7841
10 4090 15856 15267 6063 9391 5302 16318 15760 13068 14782
10 14607 3782 3981 9164 7545 10638 2462 10180 4684 8443
10 2692 9282 16452 12032 7548 16684 5248 16471 14544 2693
10 2968 963 2096 7786 6604 5731 3239 5078 4127 5916
10 9454 2990 3419 1179 582 2860 3543 581 3610 4584
10 11665 2043 845 8183 6869 2204 3181 8428 3602 9647
10 9344 707 11220 2172 6639 8573 1009 1194 1665 3777
10 12264 4925 14067 7942 22 1957 704 485 10484 7534
10 1723 1102 1324 6890 811 463 1493 605 812 2249
10 501 5638 15223 15707 14969 11280 4520 685 1673 688
10 11711 496 12197 15007 12831 6645 13353 10632 3278 15485
10 16866 16241 63 11694 16915 15354 16771 8879 15792 15909
10 13865 250 13911 10546 13308 11775 12442 15379 672 8796
10 12877 2445 1946 3866 2828 4060 2908 10921 1378 2107
10 4195 2392 12388 5052 1699 1673 15356 11968 8715 12879
10 16716 7907 16318 4926 13933 4471 13944 4046 5758 15592
10 5776 655 1403 9969 2897 6657 16325 10276 8721 2798
10 14323 16072 15015 16524 16397 16822 16900 16120 16366 6829
10 2112 3151 7121 7142 8439 8658 9987 10321 12842 13086
10 4000 2589 10993 7251 972 969 950 954 4075 10710
10 2988 1751 1286 3120 7545 10605 778 780 1780 1778
10 12915 2219 9310 2217 2224 2244 15948 10436 7818 10065
10 9748 1344 1903 6869 8757 3325 1161 1764 2041 9304
10 9837 7892 2096 656 13291 244 4070 15223 5267 7534
10 10854 12537 7778 15197 12503 12496 12790 13109 9675 12656
10 615 2331 8160 8678 13888 4415 7718 12471 8853 8827
10 16885 16679 73 14236 5058 16388 15778 15233 2207 16615
10 50 11010 4518 7287 7857 2618 6965 441 4968 5324
10 1184 568 11706 3818 2240 3456 6689 12062 8554 668
10 15530 6582 1704 2240 16335 418 6592 6658 9191 11297
10 226 15418 4354 8317 15078 28 2771 3134 15297 27
10 15267 7991 13221 13402 4329 15586 16622 12927 16080 15511
10 7629 16830 10350 9004 13564 15354 3743 13744 5930 13868
10 3247 3249 3252 3301 3313 1418 4484 3852 444 3300
10 14589 3635 14491 15527 10904 15749 12526 13360 13640 12025
10 2678 16167 15813 7079 14295 10545 3018 12803 12411 13617
10 2710 12637 9410 12477 6106 9242 12220 2997 14317 8401
10 8635 10225 6723 8641 8552 827 13984 8634 8640 6846
10 12024 15963 16598 15512 14732 15854 6121 16487 14941 10785
10 243 5937 411 3350 4375 6831 22 8458 6245 192
10 7997 3672 9631 4776 3923 875 1095 9508 11316 32
10 16211 709 15539 12526 11903 12823 9178 9036 14607 8750
10 2750 1759 7173 3559 7134 8651 8328 6043 1379 1152
10 9968 12200 1401 11371 10302 69 13491 2355 7545 4772
10 5295 5166 10706 466 10650 3331 12085 2193 3441 10648
10 10 2670 8303 2369 9724 11604 4068 1200 8510 92
10 11199 14411 6739 2480 3632 5974 7272 2976 7439 14850
10 2408 7545 4311 2378 4484 9103 442 4358 1418 8158
10 15549 11289 9375 13320 14443 14846 12509 16552 3393 11956
10 8263 3689 8262 9442 2371 5166 3465 5841 1303 8102
10 773 1090 1538 12375 755 1475 5154 1665 1024 8984
10 14309 6776 1366 5028 5604 13492 2956 882 8126 2675
10 1777 99 6036 246 2389 369 3952 2489 148 6343
10 3511 3099 8727 3102 8728 4210 13838 7107 13403 14514
10 16565 15320 16289 14069 16686 12900 12121 16829 5270 12865
10 6859 14309 1767 12704 5047 8720 2772 11674 12571 3214
10 2861 6437 3369 3609 3045 9024 2538 4809 2087 3260
10 13675 13670 13639 14045 13686 13695 14042 13635 13638 4130
10 3951 7922 9164 2268 3565 3751 45 3385 8160 3622
10 7998 9966 10605 12842 13326 13942 13973 14034 14490 14523
10 10565 9282 12039 16045 5558 11593 13437 16341 9388 77
10 1422 3830 3039 2305 814 7164 7808 2897 6946 899
10 3077 14 5 2473 4030 1357 11090 477 1370 483
10 666 888 1134 1219 1948 3820 4398 5413 7142 12894
10 10995 3746 4070 6441 2057 4607 3373 11594 7177 3289
10 13464 16608 6110 10351 13471 493 11969 12452 9000 9796
10 13693 13683 13691 13694 13630 13636 13635 14042 13638 13690
10 426 2971 3849 5330 6488 6917 7722 9084 10532 12194
10 220 2433 755 709 1919 1210 1454 1918 511 5165
10 8325 4702 9103 1414 2359 8160 9968 7545 9966 1416
10 889 171 4789 310 2522 2521 5195 10277 2280 2523
10 15129 8417 9679 15087 525 3012 10638 5281 4684 8462
10 16180 12244 15324 15047 16134 4179 15677 14607 14735 15878
10 13472 15517 12984 6572 14026 10819 9970 12392 6576 11642
10 14675 1839 8704 9614 16885 1093 6393 4778 13370 8463
10 9817 15893 6982 10170 9797 8875 10673 11267 10787 11813
10 16382 4117 11998 6297 3818 5203 8437 13442 6586 9506
10 5274 2591 948 8331 4501 4001 5400 4081 2593 2948
10 5826 230 2108 1987 5305 1985 1444 7315 182 888
10 9609 672 6951 3898 1159 12606 2246 7647 1158 16664
10 895 9218 1397 9518 11910 888 576 1188 3694 5132
10 646 3070 3071 3103 4754 5570 7715 7963 7989 9104
10 5772 6919 13019 430 655 6971 281 2344 284 2338
10 1077 1793 8411 12648 1378 1948 5801 4007 714 223
10 6076 6323 8318 8420 10748 13425 13515 14561 15673 15801
10 15081 5124 15523 13854 9084 10970 5123 14166 15921 5205
10 3092 9037 1422 286 10233 3951 2672 11500 8361 7164
10 964 209 5588 695 2612 4838 41 2633 3072 2637
10 6294 746 15988 821 13577 11201 350 7672 14309 11186
10 4927 3990 31 10818 14728 10979 11899 8583 8906 2490
10 2053 3981 746 10944 9103 13515 10210 12055 2956 14808
10 7448 9289 7632 7633 8596 8829 9794 5796 9008 3143
10 10607 8497 2365 3916 1974 7623 5875 9005 11503 10075
10 12131 3280 10141 6585 3040 3544 12568 12887 28 12020
10 3492 3488 3491 3490 3493 3497 3489 3495 904 769
10 7230 9790 628 796 3654 12331 5267 15294 944 16386
10 2038 14 106 1644 7556 9813 9578 1945 3457 2207
10 1341 4120 7232 9104 5556 983 7563 5752 5747 2162
10 7462 9501 4040 718 1283 2462 8481 287 8565 10481
10 5773 950 7168 567 2591 4704 655 8177 4154 4536
10 6403 4730 10108 1831 4131 2151 11679 1700 12449 2430
10 1376 4781 7212 7483 7486 7048 2803 12151 9025 2542
10 47 5161 8606 8618 11060 14976 15604 15934 16262 16866
10 7545 8160 1752 7940 7372 2358 9164 7922 2350 4086
10 4501 954 8331 5066 972 3752 4507 3664 8819 7927
10 1469 7364 647 9597 11990 1464 5077 9216 10720 12869
10 16771 15390 14828 16558 15870 16520 16631 16601 16716 15871
10 8173 8678 4415 8673 4435 8685 8540 8394 8677 8679
10 3055 4166 1174 3456 1760 7852 427 8367 8429 5020
10 4226 7547 9921 2959 1032 2765 5601 13873 5021 10501
10 4326 1690 8534 4069 9794 9767 2803 7651 6643 9769
10 2240 5910 7546 12520 2156 16018 1190 520 9005 5017
10 655 9919 2340 2798 5781 283 5532 2087 1369 5311
10 2912 4480 2186 10065 7541 9235 2240 4479 8926 7317
10 16972 3125 11763 15212 16881 4869 16576 14869 4147 15495
10 3834 4719 8189 10392 6092 4724 5218 5368 3784 4597
10 10662 10134 13495 2611 4015 4928 4194 10510 10235 10166
10 403 681 1397 11129 2107 3180 1770 1939 4257 12746
10 1048 4710 7884 4538 9203 4164 1400 8011 9631 3673
10 7633 1439 6494 9816 7623 6026 6378 3762 3749 9489
10 3089 4884 4885 7740 9025 9837 9850 10918 12151 12350
10 12820 829 9206 10758 666 6568 9488 8524 10613 692
10 1890 16052 14303 16319 14390 11721 12893 14186 4973 11488
10 10050 5247 11241 5389 13482 3811 6398 4349 4060 234
10 2775 11722 8689 6094 1974 9725 752 344 5431 5720
10 3045 9307 450 3260 9024 10142 4643 3611 226 4610
10 11723 3710 12623 13111 1230 11047 9026 7787 4450 10046
10 7194 14914 12469 11211 5855 5267 14515 14426 10543 5646
10 11861 11506 8881 10067 9559 9062 7156 11375 7334 11493
10 2382 3341 3766 5049 7269 9785 12337 13166 13243 13425
10 6396 2894 9959 9801 5792 8034 5739 2916 10993 11022
10 10480 12322 10773 12961 8464 10118 12631 7790 12316 12404
10 12212 12215 12217 12210 5175 281 5181 12182 12218 12214
10 1251 1444 1792 2400 2784 3710 6231 7732 9377 9584
10 718 9102 10165 11581 10046 904 964 249 2910 5319
10 2446 7986 5113 6437 6022 3611 10342 6284 7234 6710
10 14353 1199 12422 1657 3286 14200 14412 12899 4503 3440
10 1907 4728 10932 7445 5192 240 4987 3718 1389 8972
10 4718 749 1775 750 302 8954 5813 378 9162 230
10 9056 8360 10233 3509 10146 5923 10193 2378 10711 8361
10 16807 7904 15293 9038 16802 9230 16170 15041 16639 13153
10 95 672 3394 3403 3634 4839 5503 8207 13581 14269
10 9021 10197 4338 12309 14635 16284 14220 2656 16451 16567
10 4703 4109 7422 3062 14166 10246 9330 3714 7397 6397
10 8715 16115 5442 16843 10397 13845 8653 4240 5934 10365
10 7585 7270 211 2864 4676 3167 1929 8333 701 1143
10 12966 12496 2201 1001 5710 7775 5884 3372 470 1671
10 15821 16100 12115 15964 15869 16006 15963 15981 16185 16884
10 9955 9957 566 9959 9958 5920 9956 4081 7054 5268
10 10676 11860 5327 8254 14165 8781 12170 15490 13311 15651
10 6512 3230 16287 15198 3877 14943 2590 14915 4370 15012
10 3201 6953 10233 148 1049 8800 4348 3885 4974 7300
10 47 477 746 1200 1353 1617 1955 3929 3937 7672
10 44 2427 1863 2487 2423 2429 2483 133 2455 1858
10 14974 10297 7209 1955 14 476 7041 746 53 4925
10 3524 3525 3520 3516 3435 2633 3522 2635 14 2778
10 6359 8851 2296 2646 5127 4980 62 7797 445 6415
10 11646 195 5329 10681 3839 5657 16717 4606 11698 11594
10 3101 4806 8224 610 8574 11553 11998 584 9887 6824
10 2434 3073 2200 3277 2097 1834 3513 1461 2662 2017
10 4711 6359 54 3217 5804 7604 5060 47 4159 5092
10 6487 10592 6074 13167 2559 13059 7045 6412 13202 2393
10 10502 13077 1605 9458 3853 11899 5815 15856 7611 59
10 15642 15907 16205 15590 15633 16749 7990 1009 14691 15874
10 11205 11584 12521 12842 12928 13443 13942 14164 14177 14523
10 7170 13182 15087 11586 5770 8953 1181 8165 3282 10861
10 13433 4447 3928 1920 3343 4421 5941 10294 3236 2691
10 9354 3514 3065 11366 9462 1759 2218 12631 10498 3056
10 4876 2660 4981 8274 7572 13323 9875 4982 13351 10346
10 3032 8388 886 5530 1956 2531 3716 185 1243 145
10 6721 4505 9458 10011 64 5161 2724 8267 62 1977
10 11327 13515 7131 15476 15021 14914 10216 15095 9612 1003
10 5707 8227 8438 9335 10982 7183 538 3019 9333 10938
10 14248 13412 15016 8790 9029 8745 15036 2721 11648 6063
10 1024 9583 3119 1367 755 10303 10401 3414 1043 3006
10 5685 14758 12755 15871 16052 7776 2525 15239 1648 14755
10 15945 12359 15670 15665 15815 15981 14501 15609 15977 16803
10 11788 6416 5918 7837 3071 867 4018 9309 5919 15953
10 15830 15783 9532 1945 9383 9521 12189 8771 9528 9892
10 15082 14888 11597 15209 10743 7065 13251 7316 8270 13559
10 745 15097 1916 6118 5069 3966 9960 3545 3938 10274
10 5278 9998 2227 10631 8876 2221 4804 8180 3839 2244
10 8161 10258 10697 2358 6347 11216 9358 8504 615 8928
10 1062 1698 8015 8175 8505 13423 13476 14217 16882 16895
10 944 4823 1009 1974 1189 3292 9984 11773 8735 12490
10 15034 1977 15814 4503 13074 16524 16531 16607 14817 14509
10 13863 10977 11920 16605 13178 16548 13827 13743 15722 454
10 4641 3031 12881 2225 8836 3518 5945 5735 1162 4894
10 1616 1569 1598 128 1610 1566 1549 1539 1585 585
10 4808 3352 11580 6465 13478 15365 6452 9949 740 5511
10 615 2489 3125 3981 6541 7545 8504 11097 12088 12213
10 2824 10281 14585 2047 15912 1704 15118 4071 5558 4850
10 81 446 10677 9907 429 3222 2676 247 547 577
10 972 8370 2936 4904 7001 8024 2240 4579 5026 973
10 2728 255 10212 10012 11195 2308 1860 10024 11334 3839
